30 32 
18 484 
11 742 
40 173 
13 567 
12 875 
1 999 
5 312 
16 809 
25 441 
11 580 
37 661 
35 458 
16 930 
27 586 
13 434 
10 133 
27 230 
17 181 
26 713 
29 450 
20 629 
1 726 
22 243 
19 568 
10 435 
33 854 
34 916 
16 723 
11 29 
17 448 
4 986 
8 127 
25 746 
2 450 
24 445 
19 26 
15 219 
10 276 
24 888 
25 13 
27 644 
12 990 
22 710 
37 459 
19 72 
2 806 
30 181 
28 313 
2 671 
37 168 
7 990 
5 380 
25 627 
8 699 
8 938 
15 261 
40 422 
34 754 
13 822 
39 191 
28 229 
34 408 
8 959 
33 231 
16 384 
27 506 
34 119 
28 331 
6 247 
23 681 
17 166 
1 339 
29 237 
30 413 
17 168 
10 403 
18 137 
30 986 
6 501 
12 630 
8 592 
9 606 
5 700 
7 988 
18 228 
28 240 
40 342 
34 236 
21 31 
28 98 
16 369 
17 498 
25 976 
8 400 
35 186 
25 922 
31 52 
20 111 
5 49 
40 850 
17 821 
10 70 
8 824 
23 940 
38 583 
24 959 
6 860 
34 729 
37 421 
22 678 
19 978 