28 810 
34 373 
33 294 
51 795 
37 370 
27 865 
21 653 
21 967 
44 562 
55 962 
32 245 
46 256 
43 443 
21 664 
28 282 
26 573 
33 215 
51 524 
54 807 
35 675 
33 373 
32 49 
26 882 
39 101 
44 643 
28 46 
23 12 
36 177 
36 610 
43 377 
22 839 
30 593 
37 982 
23 501 
38 758 
59 535 
49 603 
57 469 
53 327 
33 551 
28 272 
38 262 
35 132 
59 216 
53 423 
54 8 
57 125 
22 675 
45 723 
20 397 
43 975 
35 538 
34 208 
29 360 
35 503 
34 561 
32 869 
46 255 
60 23 
36 472 
36 309 
35 833 
24 464 
42 863 
33 465 
22 17 
31 126 
36 696 
27 911 
48 600 
38 287 
22 633 
37 542 
52 446 
41 723 
27 366 
46 847 
45 945 
54 405 
49 466 
32 997 
59 587 
58 367 
59 863 
34 61 
45 296 
51 602 
50 824 
29 814 
31 221 
46 579 
32 982 
34 930 
23 818 
52 54 
52 968 
37 731 
25 480 
51 135 
42 528 
27 950 
50 972 
20 340 
37 453 
26 210 
37 361 
27 116 
29 75 
26 698 
20 865 
28 634 
43 836 
24 686 
37 909 
22 593 
46 554 
55 525 
34 759 
40 521 
31 746 
33 670 
49 151 
58 464 
28 738 
32 538 
37 426 
25 698 
25 554 
24 404 
23 444 
53 986 
46 927 
45 376 
46 479 
32 925 
38 3 
38 6 
28 73 
41 205 
31 246 
34 399 
56 802 
41 692 
30 647 
31 735 
28 755 
29 644 
39 339 
22 49 
24 951 
43 485 
25 717 
33 430 
40 29 
27 775 
60 931 
31 94 
38 779 
57 115 
40 775 
21 396 
23 756 
23 197 
20 979 
35 109 
46 675 
24 572 
30 83 
33 49 
48 301 
23 392 
55 998 
50 688 
24 739 
54 75 
28 989 
46 270 
37 501 
29 320 
37 770 
22 360 
31 279 
34 215 
40 178 
32 620 
55 639 
27 854 
25 235 
56 892 
30 604 
28 289 
54 526 
21 363 
57 664 
28 322 
25 605 
31 622 
26 23 
24 561 
35 398 
25 211 
22 141 
43 140 
20 333 
34 749 
33 835 
22 279 
38 941 
36 685 
29 475 
42 638 
35 376 
43 914 
21 847 
33 750 
37 226 
35 234 
34 557 
23 887 
29 33 
26 398 
33 157 
27 28 
30 191 